08072588751
09038334850
08000801187
08000802167
05054822677
09071715346
09093595570
09070010835
08039589176
09019675261
09017400226
05057845128
08000805551
0663557052
0120472177
08075189434
05031271104
0366345291
0120167636
0355630222
0669426233
0336696668
0647931650
0332428961
0120983277
0354680102
05031233139
05068883681
0367437594
97569330494
09015092386
07095135224
0120546513
05031778617
05050503273
07036666581
07038246155
0334204939
07044828297
07091098732
65565377453
65648137331
+18556359947
+18643101772
3691449476259
08055928194
07035424892
0368682160
+66964256489
+564843090445
+012013354245
+18871640208
0942735006
0120231758
0120050361
0368690623
0363241346
0364160575
0356159990
08001117504
0848444868
0353582660
0542374261
0542374661
0368372511
09060620039
0223294181
07084514420
09063409188
0775685030
0358301812
0369020557
0369055868
0358301817
0525825106
0359256543
0358468325
0522122007
0352099211
0120029530
0120286298
0120281075
0120249911
0120242832
0120214789
0120205059
0244353910
0242280161
0255260053
0255261499
0292572700
0298355011
0332548630
0338778881
0352482659
0352068588
0351552974
0345636819
0345675055
0345313741
0344053114
0343661540
0354894123
0354256900
0358120850
0364578886
0364573685
0422409070
0369152571
0425707711
0452114406
0486508100
05017436557
05055266395
05054919950
05054448721
05053711652
0523212006
0522535431
0522383333
0527258227
0532395774
0529907020
0566740573
0565356706
0572447066
0582786080
0582643920
0582159920
0595831229
0662633305
0662253039
0662228200
0662147100
0661255454
0664270021
0663621602
0665567519
07012188870
07021585350
07038626138
07038145044
07044680646
07043278131
07043079889
07085263327
07084775159
0753822110
0753549311
0753210099
0752547682
0752128321
0752114476
0775876366
0789754144
0795761333
0795590505
08005008685
08003008101
08003003603
08000809975
08012742894
08033845513
08033418783
08036316651
08035735594
08041369835
08040754948
08040626740
08043736257
08071691374
08070223872
08069935829
08078204044
08078082908
08093566646
08099958614
08097505406
08097174777
0825440020
0858234161
0886251787
0888828401
0888404000
09032405084
09063865442
09079425543
09099004033
0927175382
0926226565
0935927040
0935818824
0952378711
0975367750
0985323735
0112221147
0120158451
0120154371
0120155814
0120124041
0120110696
0120450200
0120415059
0120392711
0120381049
0120368362
0120366132
0144358331
0188934551
0223063467
0227969022
0248632800
0263367766
0268241211
0273501644
0333527511
0333500221
0344466679
0344054638
0344052196
0344052735
0344050581
0339873901
0339874665
0354111411
0353673990
0353317613
0353325041
0353232211
0356562727
0359506533
0358778042
0368912439
0368528231
0368372510
0368242369
0368235402
0368040938
0425228188
0424643511
0463516922
0463516922
0485437450
0488650011
05031736790
05031615730
05031602414
05031552740
05031449714
05031165248
05020187410
05020180223
0522185662
0529144151
0534671900
0542542020
0568329686
0649638560
0648030701
0645802058
0643902444
0663150888
0664564561
0664565011
0664522684
0672238907
07036007485
07033914971
07041663833
07040838411
07040159494
0729625465
0749237612
0775312145
0774523983
0776541800
0776532801
08010525592
08009199292
08014764487
08014163076
08021492913
08035483359
08035276124
08034735357
08034467543
08040040755
08040007785
08039176149
08039188118
08042295823
08048320533
08048052706
08047607793
08047009643
08046300562
08050887016
08063529066
08067233004
08083024777
08081192015
08079565432
08079566231
08079376496
08088421097
08097307778
08096861747
08096621709
08095777454
08095347165
08094887123
0822646050
0822461126
